inputs: 1000
queries: 10
setup: 1.545139
preproc: 0.205294
compute: 1.378190