inputs: 1000
queries: 10
setup: 1.331202
preproc: 0.129694
compute: 0.810629