inputs: 1000
queries: 10
setup: 1.401678
preproc: 0.128729
compute: 0.802678