inputs: 1000
queries: 10
setup: 1.760270
preproc: 0.140577
compute: 1.052215