inputs: 10000
queries: 1000
setup: 1.509792
preproc: 0.922877
compute: 3.623059