inputs: 1000
queries: 10
setup: 2.007987
preproc: 1.182654
compute: 0.946954