inputs: 1000
queries: 10
setup: 1.376989
preproc: 0.149785
compute: 0.930798