inputs: 1000
queries: 10
setup: 1.513553
preproc: 0.161918
compute: 0.847048