inputs: 1000
queries: 10
setup: 1.632865
preproc: 0.151624
compute: 0.848224