inputs: 1000
queries: 10
setup: 1.571502
preproc: 0.835324
compute: 0.835141