inputs: 1000
queries: 10
setup: 2.656635
preproc: 0.399487
compute: 1.547123