inputs: 1000
queries: 10
setup: 1.486963
preproc: 0.136492
compute: 0.975120