inputs: 1000
queries: 10
setup: 1.461595
preproc: 0.938647
compute: 0.948622