inputs: 1000
queries: 10
setup: 1.378567
preproc: 0.146313
compute: 0.828649