inputs: 1000
queries: 10
setup: 1.418172
preproc: 0.215356
compute: 0.776545