inputs: 1000
queries: 10
setup: 1.589227
preproc: 0.125861
compute: 18.992800