inputs: 1000
queries: 10
setup: 1.330756
preproc: 0.129794
compute: 0.956496