inputs: 1000
queries: 10
setup: 1.486339
preproc: 0.980074
compute: 1.003760