inputs: 1000
queries: 10
setup: 1.403068
preproc: 0.155711
compute: 0.988420