inputs: 1000
queries: 10
setup: 1.577561
preproc: 0.153933
compute: 0.797357