inputs: 1000
queries: 10
setup: 1.393584
preproc: 0.138580
compute: 1.147633