inputs: 1000
queries: 10
setup: 2.243121
preproc: 0.139560
compute: 0.963914