inputs: 1000
queries: 10
setup: 1.602186
preproc: 0.123960
compute: 1.228353