inputs: 1000
queries: 10
setup: 1.578706
preproc: 0.163397
compute: 0.818211