inputs: 10000
queries: 100
setup: 1.827389
preproc: 0.140920
compute: 1.360013