inputs: 1000
queries: 10
setup: 1.918668
preproc: 0.767230
compute: 0.807607