inputs: 1000
queries: 10
setup: 1.357784
preproc: 0.130345
compute: 0.807461