inputs: 1000
queries: 10
setup: 1.476521
preproc: 0.271494
compute: 1.061009