inputs: 1000
queries: 10
setup: 2.035958
preproc: 0.239480
compute: 0.901737