inputs: 1000
queries: 10
setup: 2.183836
preproc: 0.166830
compute: 1.559784