inputs: 1000
queries: 10
setup: 1.742451
preproc: 0.134186
compute: 0.830781