inputs: 10000
queries: 100
setup: 1.422021
preproc: 0.144755
compute: 1.640353