inputs: 10000
queries: 100
setup: 1.598111
preproc: 0.210668
compute: 1.213454