inputs: 1000
queries: 10
setup: 1.466722
preproc: 0.233596
compute: 0.827240