inputs: 1000
queries: 10
setup: 1.376135
preproc: 0.130601
compute: 0.981047