inputs: 1000
queries: 10
setup: 1.372896
preproc: 0.130739
compute: 0.963185