inputs: 1000
queries: 10
setup: 1.454037
preproc: 0.131296
compute: 0.970032