inputs: 1000
queries: 10
setup: 1.322079
preproc: 0.125149
compute: 1.176640