inputs: 1000
queries: 10
setup: 3.076890
preproc: 0.146039
compute: 0.946644