inputs: 1000
queries: 10
setup: 1.400595
preproc: 0.131382
compute: 0.804593