inputs: 10000
queries: 100
setup: 1.789106
preproc: 0.123424
compute: 1.263260