inputs: 1000
queries: 10
setup: 1.655582
preproc: 0.149636
compute: 1.122837