inputs: 1000
queries: 10
setup: 1.454349
preproc: 0.132000
compute: 0.822954