inputs: 1000
queries: 10
setup: 1.342604
preproc: 0.137062
compute: 0.787290