inputs: 1000
queries: 10
setup: 1.410618
preproc: 0.128765
compute: 0.765475