inputs: 1000
queries: 10
setup: 1.484705
preproc: 0.135612
compute: 0.822247