inputs: 10000
queries: 1000
setup: 1.415991
preproc: 0.121840
compute: 4.738357