inputs: 1000
queries: 10
setup: 1.682617
preproc: 0.153615
compute: 0.854211