inputs: 10000
queries: 100
setup: 1.392344
preproc: 0.120854
compute: 1.272811