inputs: 10000
queries: 100
setup: 1.334109
preproc: 0.122932
compute: 1.217808