inputs: 1000
queries: 10
setup: 1.364788
preproc: 0.133223
compute: 0.809897