inputs: 1000
queries: 10
setup: 1.740301
preproc: 0.130425
compute: 0.946061