inputs: 1000
queries: 10
setup: 1.730421
preproc: 0.835763
compute: 0.977929