inputs: 1000
queries: 10
setup: 1.382636
preproc: 0.130340
compute: 1.473490