inputs: 5000
queries: 50
setup: 1.337223
preproc: 0.134408
compute: 1.172802