inputs: 1000
queries: 10
setup: 190.212272
preproc: 1.825600
compute: 0.873772