inputs: 1000
queries: 10
setup: 1.342927
preproc: 0.132233
compute: 0.776852