inputs: 1000
queries: 10
setup: 1.629463
preproc: 0.912107
compute: 0.810018