inputs: 1000
queries: 10
setup: 1.345559
preproc: 0.135149
compute: 0.984723