inputs: 1000
queries: 10
setup: 1.632042
preproc: 0.246461
compute: 0.826738