inputs: 10000
queries: 1000
setup: 1.693527
preproc: 0.882918
compute: 14.997697