inputs: 1000
queries: 10
setup: 1.597238
preproc: 0.127013
compute: 0.824282