inputs: 1000
queries: 10
setup: 1.370789
preproc: 0.130859
compute: 0.965614