inputs: 1000
queries: 10
setup: 1.483022
preproc: 0.765013
compute: 1.107648