inputs: 1000
queries: 10
setup: 1.554976
preproc: 0.770087
compute: 0.911408