inputs: 1000
queries: 10
setup: 1.338614
preproc: 0.131975
compute: 0.775179