inputs: 10000
queries: 100
setup: 1.331268
preproc: 0.133098
compute: 1.424035