inputs: 1000
queries: 10
setup: 1.676695
preproc: 0.127793
compute: 0.903645