inputs: 1000
queries: 10
setup: 1.353116
preproc: 0.137074
compute: 0.916587