inputs: 10000
queries: 100
setup: 1.503219
preproc: 0.238121
compute: 1.278413