inputs: 10000
queries: 1000
setup: 1.575764
preproc: 0.164628
compute: 4.763105