inputs: 1000
queries: 10
setup: 1.477935
preproc: 0.967584
compute: 0.833660