inputs: 1000
queries: 10
setup: 1.645261
preproc: 0.210291
compute: 1.643448