inputs: 10000
queries: 1000
setup: 1.365252
preproc: 0.124489
compute: 4.879502